7.421611755009508 Training_Time (s)
5.059275261999574 Test_time (s)
96.41942532246317 Overall accuracy (%)
93.00101843689121 Average accuracy (%)
95.23596286054985 Kappa accuracy (%)
[ 99.68172173  99.98922182  84.20296793  84.61790751 100.
  99.72022382  96.59863946  85.9989083   86.19957537] Each accuracy (%)
                      precision    recall  f1-score   support

             Asphalt     0.9337    0.9968    0.9642      6598
             Meadows     0.9880    0.9999    0.9939     18556
              Gravel     0.9544    0.8420    0.8947      2089
               Trees     0.9566    0.8462    0.8980      3049
Painted metal sheets     0.9731    1.0000    0.9864      1338
           Bare Soil     0.9674    0.9972    0.9821      5004
             Bitumen     0.9711    0.9660    0.9685      1323
Self-Blocking Bricks     0.9000    0.8600    0.8796      3664
             Shadows     0.9553    0.8620    0.9062       942

            accuracy                         0.9642     42563
           macro avg     0.9555    0.9300    0.9415     42563
        weighted avg     0.9640    0.9642    0.9634     42563

[[ 6577     0     0     0     0     0     0    21     0]
 [    0 18554     0     1     0     1     0     0     0]
 [    1     0  1759     5     0     0     0   309    15]
 [  196   183     0  2580     0    51     1    20    18]
 [    0     0     0     0  1338     0     0     0     0]
 [    8     6     0     0     0  4990     0     0     0]
 [   45     0     0     0     0     0  1278     0     0]
 [  199    35    81    77     0   116     0  3151     5]
 [   18     1     3    34    37     0    37     0   812]]